//  Input-size	   Student-RT1	  Student-RT2
            10	           483	              3
            20	            21	             21
            30	            22	           2446
            40	            35	             49
            50	            25	             26
            60	            38	             32
            70	            54	             53
            80	            60	             76
            90	           115	             71
           100	           102	            102
           110	           124	            138
           120	            20	             22
           130	            19	             23
           140	            26	             20
           150	            30	             28
           160	            47	             32
           170	            45	             34
           180	            43	             36
           190	            41	             53
           200	            40	             43
           210	            48	             48
           220	            58	             49
           230	            51	            102
           240	            62	             59
           250	            68	             65
           260	            84	             65
           270	            78	             71
           280	            76	             80
           290	           107	             83
           300	           111	            110
           310	           105	            118
           320	           112	            119
           330	           116	            112
           340	            57	            114
           350	            59	            124
           360	            60	             63
           370	            98	             87
           380	            64	             65
           390	            72	             85
           400	            75	             75
           410	            88	             81
           420	            86	             99
           430	            83	             85
           440	            87	             98
           450	            91	             93
           460	            96	            100
           470	           121	             95
           480	           105	            106
           490	           101	            141
           500	           106	            110
           510	           125	            114
           520	           116	            116
           530	           135	            123
           540	           128	            128
           550	           145	            129
           560	           150	            144
           570	           207	            135
           580	           141	            146
           590	           157	            197
           600	           164	            164
           610	           172	            157
           620	           174	            249
           630	           165	            169
           640	           173	            172
           650	           185	            167
           660	           233	            212
           670	           186	            228
           680	           204	            198
           690	           206	            204
           700	           212	            216
           710	           208	            216
           720	           280	            217
           730	           230	            239
           740	           232	            223
           750	           252	            233
           760	           244	            313
           770	           284	            271
           780	           253	            237
           790	           290	            268
           800	           268	            324
           810	           299	            323
           820	           343	            361
           830	           326	            272
           840	           295	            283
           850	           323	            304
           860	           304	            332
           870	           312	            380
           880	           329	            362
           890	           350	            325
           900	           375	            352
           910	           367	            347
           920	           415	            355
           930	           477	            380
           940	           377	            401
           950	           382	            380
           960	           439	            369
           970	           391	            387
           980	           424	            401
           990	           480	            414
          1000	           465	            416
